 init=  0 : 0 0 0 0 0 0 0 0
     [  1]  0 0 0 0 0 0 0 0 ---> fixed point 발견!!

<fixed point>
 0 0 0 0 0 0 0 0


 init=  1 : 0 0 0 0 0 0 0 1
     [  1]  0 0 0 0 0 0 0 0
     [  2]  0 0 0 0 0 0 0 0 ---> fixed point 발견!!

<fixed point>
 0 0 0 0 0 0 0 0


 init=  2 : 0 0 0 0 0 0 1 0
     [  1]  0 1 0 1 1 0 0 0
     [  2]  1 0 0 1 0 0 1 1
     [  3]  0 0 0 1 1 1 0 0
     [  4]  1 0 1 1 0 0 1 0
     [  5]  0 0 0 1 1 1 0 0
t=(3, 5) cycle 발생
 init=  3 : 0 0 0 0 0 0 1 1
     [  1]  0 1 0 1 1 0 0 0
     [  2]  1 0 0 1 0 0 1 1
     [  3]  0 0 0 1 1 1 0 0
     [  4]  1 0 1 1 0 0 1 0
     [  5]  0 0 0 1 1 1 0 0
t=(3, 5) cycle 발생
 init=  4 : 0 0 0 0 0 1 0 0
     [  1]  0 0 1 0 0 0 0 0
     [  2]  0 0 0 0 0 0 1 0
     [  3]  0 1 0 1 1 0 0 0
     [  4]  1 0 0 1 0 0 1 1
     [  5]  0 0 0 1 1 1 0 0
     [  6]  1 0 1 1 0 0 1 0
     [  7]  0 0 0 1 1 1 0 0
t=(5, 7) cycle 발생
 init=  5 : 0 0 0 0 0 1 0 1
     [  1]  0 0 1 0 0 0 0 0
     [  2]  0 0 0 0 0 0 1 0
     [  3]  0 1 0 1 1 0 0 0
     [  4]  1 0 0 1 0 0 1 1
     [  5]  0 0 0 1 1 1 0 0
     [  6]  1 0 1 1 0 0 1 0
     [  7]  0 0 0 1 1 1 0 0
t=(5, 7) cycle 발생
 init=  6 : 0 0 0 0 0 1 1 0
     [  1]  0 1 1 1 1 0 0 0
     [  2]  1 0 0 1 0 0 1 1
     [  3]  0 0 0 1 1 1 0 0
     [  4]  1 0 1 1 0 0 1 0
     [  5]  0 0 0 1 1 1 0 0
t=(3, 5) cycle 발생
 init=  7 : 0 0 0 0 0 1 1 1
     [  1]  0 1 1 1 1 0 0 0
     [  2]  1 0 0 1 0 0 1 1
     [  3]  0 0 0 1 1 1 0 0
     [  4]  1 0 1 1 0 0 1 0
     [  5]  0 0 0 1 1 1 0 0
t=(3, 5) cycle 발생
 init=  8 : 0 0 0 0 1 0 0 0
     [  1]  1 0 0 1 0 0 0 0
     [  2]  0 0 0 0 0 1 0 0
     [  3]  0 0 1 0 0 0 0 0
     [  4]  0 0 0 0 0 0 1 0
     [  5]  0 1 0 1 1 0 0 0
     [  6]  1 0 0 1 0 0 1 1
     [  7]  0 0 0 1 1 1 0 0
     [  8]  1 0 1 1 0 0 1 0
     [  9]  0 0 0 1 1 1 0 0
t=(7, 9) cycle 발생
 init=  9 : 0 0 0 0 1 0 0 1
     [  1]  0 0 0 1 0 0 0 0
     [  2]  0 0 0 0 0 0 1 0
     [  3]  0 1 0 1 1 0 0 0
     [  4]  1 0 0 1 0 0 1 1
     [  5]  0 0 0 1 1 1 0 0
     [  6]  1 0 1 1 0 0 1 0
     [  7]  0 0 0 1 1 1 0 0
t=(5, 7) cycle 발생
 init= 10 : 0 0 0 0 1 0 1 0
     [  1]  0 1 0 1 1 0 0 0
     [  2]  1 0 0 1 0 0 1 1
     [  3]  0 0 0 1 1 1 0 0
     [  4]  1 0 1 1 0 0 1 0
     [  5]  0 0 0 1 1 1 0 0
t=(3, 5) cycle 발생
 init= 11 : 0 0 0 0 1 0 1 1
     [  1]  0 1 0 1 1 0 0 0
     [  2]  1 0 0 1 0 0 1 1
     [  3]  0 0 0 1 1 1 0 0
     [  4]  1 0 1 1 0 0 1 0
     [  5]  0 0 0 1 1 1 0 0
t=(3, 5) cycle 발생
 init= 12 : 0 0 0 0 1 1 0 0
     [  1]  1 0 1 1 0 0 0 0
     [  2]  0 0 0 0 0 1 0 0
     [  3]  0 0 1 0 0 0 0 0
     [  4]  0 0 0 0 0 0 1 0
     [  5]  0 1 0 1 1 0 0 0
     [  6]  1 0 0 1 0 0 1 1
     [  7]  0 0 0 1 1 1 0 0
     [  8]  1 0 1 1 0 0 1 0
     [  9]  0 0 0 1 1 1 0 0
t=(7, 9) cycle 발생
 init= 13 : 0 0 0 0 1 1 0 1
     [  1]  0 0 1 1 0 0 0 0
     [  2]  0 0 0 0 0 0 1 0
     [  3]  0 1 0 1 1 0 0 0
     [  4]  1 0 0 1 0 0 1 1
     [  5]  0 0 0 1 1 1 0 0
     [  6]  1 0 1 1 0 0 1 0
     [  7]  0 0 0 1 1 1 0 0
t=(5, 7) cycle 발생
 init= 14 : 0 0 0 0 1 1 1 0
     [  1]  0 1 1 1 1 0 0 0
     [  2]  1 0 0 1 0 0 1 1
     [  3]  0 0 0 1 1 1 0 0
     [  4]  1 0 1 1 0 0 1 0
     [  5]  0 0 0 1 1 1 0 0
t=(3, 5) cycle 발생
 init= 15 : 0 0 0 0 1 1 1 1
     [  1]  0 1 1 1 1 0 0 0
     [  2]  1 0 0 1 0 0 1 1
     [  3]  0 0 0 1 1 1 0 0
     [  4]  1 0 1 1 0 0 1 0
     [  5]  0 0 0 1 1 1 0 0
t=(3, 5) cycle 발생
 init= 16 : 0 0 0 1 0 0 0 0
     [  1]  0 0 0 0 0 0 1 0
     [  2]  0 1 0 1 1 0 0 0
     [  3]  1 0 0 1 0 0 1 1
     [  4]  0 0 0 1 1 1 0 0
     [  5]  1 0 1 1 0 0 1 0
     [  6]  0 0 0 1 1 1 0 0
t=(4, 6) cycle 발생
 init= 17 : 0 0 0 1 0 0 0 1
     [  1]  0 0 0 0 0 0 1 0
     [  2]  0 1 0 1 1 0 0 0
     [  3]  1 0 0 1 0 0 1 1
     [  4]  0 0 0 1 1 1 0 0
     [  5]  1 0 1 1 0 0 1 0
     [  6]  0 0 0 1 1 1 0 0
t=(4, 6) cycle 발생
 init= 18 : 0 0 0 1 0 0 1 0
     [  1]  0 1 0 1 1 0 1 0
     [  2]  0 1 0 1 0 0 1 1
     [  3]  0 1 0 1 0 0 1 1 ---> fixed point 발견!!

<fixed point>
 0 1 0 1 0 0 1 1


 init= 19 : 0 0 0 1 0 0 1 1
     [  1]  0 1 0 1 1 0 1 0
     [  2]  0 1 0 1 0 0 1 1
     [  3]  0 1 0 1 0 0 1 1 ---> fixed point 발견!!

<fixed point>
 0 1 0 1 0 0 1 1


 init= 20 : 0 0 0 1 0 1 0 0
     [  1]  0 0 1 0 0 0 1 0
     [  2]  0 1 0 1 1 0 1 0
     [  3]  0 1 0 1 0 0 1 1
     [  4]  0 1 0 1 0 0 1 1 ---> fixed point 발견!!

<fixed point>
 0 1 0 1 0 0 1 1


 init= 21 : 0 0 0 1 0 1 0 1
     [  1]  0 0 1 0 0 0 1 0
     [  2]  0 1 0 1 1 0 1 0
     [  3]  0 1 0 1 0 0 1 1
     [  4]  0 1 0 1 0 0 1 1 ---> fixed point 발견!!

<fixed point>
 0 1 0 1 0 0 1 1


 init= 22 : 0 0 0 1 0 1 1 0
     [  1]  0 1 1 1 1 0 1 0
     [  2]  0 1 0 1 0 0 1 1
     [  3]  0 1 0 1 0 0 1 1 ---> fixed point 발견!!

<fixed point>
 0 1 0 1 0 0 1 1


 init= 23 : 0 0 0 1 0 1 1 1
     [  1]  0 1 1 1 1 0 1 0
     [  2]  0 1 0 1 0 0 1 1
     [  3]  0 1 0 1 0 0 1 1 ---> fixed point 발견!!

<fixed point>
 0 1 0 1 0 0 1 1


 init= 24 : 0 0 0 1 1 0 0 0
     [  1]  1 0 0 1 0 0 1 0
     [  2]  0 0 0 1 1 1 0 0
     [  3]  1 0 1 1 0 0 1 0
     [  4]  0 0 0 1 1 1 0 0
t=(2, 4) cycle 발생
 init= 25 : 0 0 0 1 1 0 0 1
     [  1]  0 0 0 1 0 0 1 0
     [  2]  0 1 0 1 1 0 1 0
     [  3]  0 1 0 1 0 0 1 1
     [  4]  0 1 0 1 0 0 1 1 ---> fixed point 발견!!

<fixed point>
 0 1 0 1 0 0 1 1


 init= 26 : 0 0 0 1 1 0 1 0
     [  1]  0 1 0 1 1 0 1 0
     [  2]  0 1 0 1 0 0 1 1
     [  3]  0 1 0 1 0 0 1 1 ---> fixed point 발견!!

<fixed point>
 0 1 0 1 0 0 1 1


 init= 27 : 0 0 0 1 1 0 1 1
     [  1]  0 1 0 1 1 0 1 0
     [  2]  0 1 0 1 0 0 1 1
     [  3]  0 1 0 1 0 0 1 1 ---> fixed point 발견!!

<fixed point>
 0 1 0 1 0 0 1 1


 init= 28 : 0 0 0 1 1 1 0 0
     [  1]  1 0 1 1 0 0 1 0
     [  2]  0 0 0 1 1 1 0 0
     [  3]  1 0 1 1 0 0 1 0
t=(1, 3) cycle 발생
 init= 29 : 0 0 0 1 1 1 0 1
     [  1]  0 0 1 1 0 0 1 0
     [  2]  0 1 0 1 1 0 1 0
     [  3]  0 1 0 1 0 0 1 1
     [  4]  0 1 0 1 0 0 1 1 ---> fixed point 발견!!

<fixed point>
 0 1 0 1 0 0 1 1


 init= 30 : 0 0 0 1 1 1 1 0
     [  1]  0 1 1 1 1 0 1 0
     [  2]  0 1 0 1 0 0 1 1
     [  3]  0 1 0 1 0 0 1 1 ---> fixed point 발견!!

<fixed point>
 0 1 0 1 0 0 1 1


 init= 31 : 0 0 0 1 1 1 1 1
     [  1]  0 1 1 1 1 0 1 0
     [  2]  0 1 0 1 0 0 1 1
     [  3]  0 1 0 1 0 0 1 1 ---> fixed point 발견!!

<fixed point>
 0 1 0 1 0 0 1 1


 init= 32 : 0 0 1 0 0 0 0 0
     [  1]  0 0 0 0 0 0 1 0
     [  2]  0 1 0 1 1 0 0 0
     [  3]  1 0 0 1 0 0 1 1
     [  4]  0 0 0 1 1 1 0 0
     [  5]  1 0 1 1 0 0 1 0
     [  6]  0 0 0 1 1 1 0 0
t=(4, 6) cycle 발생
 init= 33 : 0 0 1 0 0 0 0 1
     [  1]  0 0 0 0 0 0 1 0
     [  2]  0 1 0 1 1 0 0 0
     [  3]  1 0 0 1 0 0 1 1
     [  4]  0 0 0 1 1 1 0 0
     [  5]  1 0 1 1 0 0 1 0
     [  6]  0 0 0 1 1 1 0 0
t=(4, 6) cycle 발생
 init= 34 : 0 0 1 0 0 0 1 0
     [  1]  0 1 0 1 1 0 1 0
     [  2]  0 1 0 1 0 0 1 1
     [  3]  0 1 0 1 0 0 1 1 ---> fixed point 발견!!

<fixed point>
 0 1 0 1 0 0 1 1


 init= 35 : 0 0 1 0 0 0 1 1
     [  1]  0 1 0 1 1 0 1 0
     [  2]  0 1 0 1 0 0 1 1
     [  3]  0 1 0 1 0 0 1 1 ---> fixed point 발견!!

<fixed point>
 0 1 0 1 0 0 1 1


 init= 36 : 0 0 1 0 0 1 0 0
     [  1]  0 0 1 0 0 0 1 0
     [  2]  0 1 0 1 1 0 1 0
     [  3]  0 1 0 1 0 0 1 1
     [  4]  0 1 0 1 0 0 1 1 ---> fixed point 발견!!

<fixed point>
 0 1 0 1 0 0 1 1


 init= 37 : 0 0 1 0 0 1 0 1
     [  1]  0 0 1 0 0 0 1 0
     [  2]  0 1 0 1 1 0 1 0
     [  3]  0 1 0 1 0 0 1 1
     [  4]  0 1 0 1 0 0 1 1 ---> fixed point 발견!!

<fixed point>
 0 1 0 1 0 0 1 1


 init= 38 : 0 0 1 0 0 1 1 0
     [  1]  0 1 1 1 1 0 1 0
     [  2]  0 1 0 1 0 0 1 1
     [  3]  0 1 0 1 0 0 1 1 ---> fixed point 발견!!

<fixed point>
 0 1 0 1 0 0 1 1


 init= 39 : 0 0 1 0 0 1 1 1
     [  1]  0 1 1 1 1 0 1 0
     [  2]  0 1 0 1 0 0 1 1
     [  3]  0 1 0 1 0 0 1 1 ---> fixed point 발견!!

<fixed point>
 0 1 0 1 0 0 1 1


 init= 40 : 0 0 1 0 1 0 0 0
     [  1]  1 0 0 1 0 0 1 0
     [  2]  0 0 0 1 1 1 0 0
     [  3]  1 0 1 1 0 0 1 0
     [  4]  0 0 0 1 1 1 0 0
t=(2, 4) cycle 발생
 init= 41 : 0 0 1 0 1 0 0 1
     [  1]  0 0 0 1 0 0 1 0
     [  2]  0 1 0 1 1 0 1 0
     [  3]  0 1 0 1 0 0 1 1
     [  4]  0 1 0 1 0 0 1 1 ---> fixed point 발견!!

<fixed point>
 0 1 0 1 0 0 1 1


 init= 42 : 0 0 1 0 1 0 1 0
     [  1]  0 1 0 1 1 0 1 0
     [  2]  0 1 0 1 0 0 1 1
     [  3]  0 1 0 1 0 0 1 1 ---> fixed point 발견!!

<fixed point>
 0 1 0 1 0 0 1 1


 init= 43 : 0 0 1 0 1 0 1 1
     [  1]  0 1 0 1 1 0 1 0
     [  2]  0 1 0 1 0 0 1 1
     [  3]  0 1 0 1 0 0 1 1 ---> fixed point 발견!!

<fixed point>
 0 1 0 1 0 0 1 1


 init= 44 : 0 0 1 0 1 1 0 0
     [  1]  1 0 1 1 0 0 1 0
     [  2]  0 0 0 1 1 1 0 0
     [  3]  1 0 1 1 0 0 1 0
t=(1, 3) cycle 발생
 init= 45 : 0 0 1 0 1 1 0 1
     [  1]  0 0 1 1 0 0 1 0
     [  2]  0 1 0 1 1 0 1 0
     [  3]  0 1 0 1 0 0 1 1
     [  4]  0 1 0 1 0 0 1 1 ---> fixed point 발견!!

<fixed point>
 0 1 0 1 0 0 1 1


 init= 46 : 0 0 1 0 1 1 1 0
     [  1]  0 1 1 1 1 0 1 0
     [  2]  0 1 0 1 0 0 1 1
     [  3]  0 1 0 1 0 0 1 1 ---> fixed point 발견!!

<fixed point>
 0 1 0 1 0 0 1 1


 init= 47 : 0 0 1 0 1 1 1 1
     [  1]  0 1 1 1 1 0 1 0
     [  2]  0 1 0 1 0 0 1 1
     [  3]  0 1 0 1 0 0 1 1 ---> fixed point 발견!!

<fixed point>
 0 1 0 1 0 0 1 1


 init= 48 : 0 0 1 1 0 0 0 0
     [  1]  0 0 0 0 0 0 1 0
     [  2]  0 1 0 1 1 0 0 0
     [  3]  1 0 0 1 0 0 1 1
     [  4]  0 0 0 1 1 1 0 0
     [  5]  1 0 1 1 0 0 1 0
     [  6]  0 0 0 1 1 1 0 0
t=(4, 6) cycle 발생
 init= 49 : 0 0 1 1 0 0 0 1
     [  1]  0 0 0 0 0 0 1 0
     [  2]  0 1 0 1 1 0 0 0
     [  3]  1 0 0 1 0 0 1 1
     [  4]  0 0 0 1 1 1 0 0
     [  5]  1 0 1 1 0 0 1 0
     [  6]  0 0 0 1 1 1 0 0
t=(4, 6) cycle 발생
 init= 50 : 0 0 1 1 0 0 1 0
     [  1]  0 1 0 1 1 0 1 0
     [  2]  0 1 0 1 0 0 1 1
     [  3]  0 1 0 1 0 0 1 1 ---> fixed point 발견!!

<fixed point>
 0 1 0 1 0 0 1 1


 init= 51 : 0 0 1 1 0 0 1 1
     [  1]  0 1 0 1 1 0 1 0
     [  2]  0 1 0 1 0 0 1 1
     [  3]  0 1 0 1 0 0 1 1 ---> fixed point 발견!!

<fixed point>
 0 1 0 1 0 0 1 1


 init= 52 : 0 0 1 1 0 1 0 0
     [  1]  0 0 1 0 0 0 1 0
     [  2]  0 1 0 1 1 0 1 0
     [  3]  0 1 0 1 0 0 1 1
     [  4]  0 1 0 1 0 0 1 1 ---> fixed point 발견!!

<fixed point>
 0 1 0 1 0 0 1 1


 init= 53 : 0 0 1 1 0 1 0 1
     [  1]  0 0 1 0 0 0 1 0
     [  2]  0 1 0 1 1 0 1 0
     [  3]  0 1 0 1 0 0 1 1
     [  4]  0 1 0 1 0 0 1 1 ---> fixed point 발견!!

<fixed point>
 0 1 0 1 0 0 1 1


 init= 54 : 0 0 1 1 0 1 1 0
     [  1]  0 1 1 1 1 0 1 0
     [  2]  0 1 0 1 0 0 1 1
     [  3]  0 1 0 1 0 0 1 1 ---> fixed point 발견!!

<fixed point>
 0 1 0 1 0 0 1 1


 init= 55 : 0 0 1 1 0 1 1 1
     [  1]  0 1 1 1 1 0 1 0
     [  2]  0 1 0 1 0 0 1 1
     [  3]  0 1 0 1 0 0 1 1 ---> fixed point 발견!!

<fixed point>
 0 1 0 1 0 0 1 1


 init= 56 : 0 0 1 1 1 0 0 0
     [  1]  1 0 0 1 0 0 1 0
     [  2]  0 0 0 1 1 1 0 0
     [  3]  1 0 1 1 0 0 1 0
     [  4]  0 0 0 1 1 1 0 0
t=(2, 4) cycle 발생
 init= 57 : 0 0 1 1 1 0 0 1
     [  1]  0 0 0 1 0 0 1 0
     [  2]  0 1 0 1 1 0 1 0
     [  3]  0 1 0 1 0 0 1 1
     [  4]  0 1 0 1 0 0 1 1 ---> fixed point 발견!!

<fixed point>
 0 1 0 1 0 0 1 1


 init= 58 : 0 0 1 1 1 0 1 0
     [  1]  0 1 0 1 1 0 1 0
     [  2]  0 1 0 1 0 0 1 1
     [  3]  0 1 0 1 0 0 1 1 ---> fixed point 발견!!

<fixed point>
 0 1 0 1 0 0 1 1


 init= 59 : 0 0 1 1 1 0 1 1
     [  1]  0 1 0 1 1 0 1 0
     [  2]  0 1 0 1 0 0 1 1
     [  3]  0 1 0 1 0 0 1 1 ---> fixed point 발견!!

<fixed point>
 0 1 0 1 0 0 1 1


 init= 60 : 0 0 1 1 1 1 0 0
     [  1]  1 0 1 1 0 0 1 0
     [  2]  0 0 0 1 1 1 0 0
     [  3]  1 0 1 1 0 0 1 0
t=(1, 3) cycle 발생
 init= 61 : 0 0 1 1 1 1 0 1
     [  1]  0 0 1 1 0 0 1 0
     [  2]  0 1 0 1 1 0 1 0
     [  3]  0 1 0 1 0 0 1 1
     [  4]  0 1 0 1 0 0 1 1 ---> fixed point 발견!!

<fixed point>
 0 1 0 1 0 0 1 1


 init= 62 : 0 0 1 1 1 1 1 0
     [  1]  0 1 1 1 1 0 1 0
     [  2]  0 1 0 1 0 0 1 1
     [  3]  0 1 0 1 0 0 1 1 ---> fixed point 발견!!

<fixed point>
 0 1 0 1 0 0 1 1


 init= 63 : 0 0 1 1 1 1 1 1
     [  1]  0 1 1 1 1 0 1 0
     [  2]  0 1 0 1 0 0 1 1
     [  3]  0 1 0 1 0 0 1 1 ---> fixed point 발견!!

<fixed point>
 0 1 0 1 0 0 1 1


 init= 64 : 0 1 0 0 0 0 0 0
     [  1]  1 0 0 0 0 0 0 1
     [  2]  0 0 0 0 0 1 0 0
     [  3]  0 0 1 0 0 0 0 0
     [  4]  0 0 0 0 0 0 1 0
     [  5]  0 1 0 1 1 0 0 0
     [  6]  1 0 0 1 0 0 1 1
     [  7]  0 0 0 1 1 1 0 0
     [  8]  1 0 1 1 0 0 1 0
     [  9]  0 0 0 1 1 1 0 0
t=(7, 9) cycle 발생
 init= 65 : 0 1 0 0 0 0 0 1
     [  1]  0 0 0 0 0 0 0 1
     [  2]  0 0 0 0 0 0 0 0
     [  3]  0 0 0 0 0 0 0 0 ---> fixed point 발견!!

<fixed point>
 0 0 0 0 0 0 0 0


 init= 66 : 0 1 0 0 0 0 1 0
     [  1]  0 1 0 1 0 0 0 1
     [  2]  0 0 0 0 0 0 1 1
     [  3]  0 1 0 1 1 0 0 0
     [  4]  1 0 0 1 0 0 1 1
     [  5]  0 0 0 1 1 1 0 0
     [  6]  1 0 1 1 0 0 1 0
     [  7]  0 0 0 1 1 1 0 0
t=(5, 7) cycle 발생
 init= 67 : 0 1 0 0 0 0 1 1
     [  1]  0 1 0 1 0 0 0 1
     [  2]  0 0 0 0 0 0 1 1
     [  3]  0 1 0 1 1 0 0 0
     [  4]  1 0 0 1 0 0 1 1
     [  5]  0 0 0 1 1 1 0 0
     [  6]  1 0 1 1 0 0 1 0
     [  7]  0 0 0 1 1 1 0 0
t=(5, 7) cycle 발생
 init= 68 : 0 1 0 0 0 1 0 0
     [  1]  1 0 1 0 0 0 0 0
     [  2]  0 0 0 0 0 1 0 0
     [  3]  0 0 1 0 0 0 0 0
     [  4]  0 0 0 0 0 0 1 0
     [  5]  0 1 0 1 1 0 0 0
     [  6]  1 0 0 1 0 0 1 1
     [  7]  0 0 0 1 1 1 0 0
     [  8]  1 0 1 1 0 0 1 0
     [  9]  0 0 0 1 1 1 0 0
t=(7, 9) cycle 발생
 init= 69 : 0 1 0 0 0 1 0 1
     [  1]  0 0 1 0 0 0 0 0
     [  2]  0 0 0 0 0 0 1 0
     [  3]  0 1 0 1 1 0 0 0
     [  4]  1 0 0 1 0 0 1 1
     [  5]  0 0 0 1 1 1 0 0
     [  6]  1 0 1 1 0 0 1 0
     [  7]  0 0 0 1 1 1 0 0
t=(5, 7) cycle 발생
 init= 70 : 0 1 0 0 0 1 1 0
     [  1]  0 1 1 1 0 0 0 0
     [  2]  1 0 0 0 0 0 1 1
     [  3]  0 0 0 1 1 1 0 0
     [  4]  1 0 1 1 0 0 1 0
     [  5]  0 0 0 1 1 1 0 0
t=(3, 5) cycle 발생
 init= 71 : 0 1 0 0 0 1 1 1
     [  1]  0 1 1 1 0 0 0 0
     [  2]  1 0 0 0 0 0 1 1
     [  3]  0 0 0 1 1 1 0 0
     [  4]  1 0 1 1 0 0 1 0
     [  5]  0 0 0 1 1 1 0 0
t=(3, 5) cycle 발생
 init= 72 : 0 1 0 0 1 0 0 0
     [  1]  1 0 0 1 0 0 0 1
     [  2]  0 0 0 0 0 1 0 0
     [  3]  0 0 1 0 0 0 0 0
     [  4]  0 0 0 0 0 0 1 0
     [  5]  0 1 0 1 1 0 0 0
     [  6]  1 0 0 1 0 0 1 1
     [  7]  0 0 0 1 1 1 0 0
     [  8]  1 0 1 1 0 0 1 0
     [  9]  0 0 0 1 1 1 0 0
t=(7, 9) cycle 발생
 init= 73 : 0 1 0 0 1 0 0 1
     [  1]  0 0 0 1 0 0 0 1
     [  2]  0 0 0 0 0 0 1 0
     [  3]  0 1 0 1 1 0 0 0
     [  4]  1 0 0 1 0 0 1 1
     [  5]  0 0 0 1 1 1 0 0
     [  6]  1 0 1 1 0 0 1 0
     [  7]  0 0 0 1 1 1 0 0
t=(5, 7) cycle 발생
 init= 74 : 0 1 0 0 1 0 1 0
     [  1]  0 1 0 1 0 0 0 1
     [  2]  0 0 0 0 0 0 1 1
     [  3]  0 1 0 1 1 0 0 0
     [  4]  1 0 0 1 0 0 1 1
     [  5]  0 0 0 1 1 1 0 0
     [  6]  1 0 1 1 0 0 1 0
     [  7]  0 0 0 1 1 1 0 0
t=(5, 7) cycle 발생
 init= 75 : 0 1 0 0 1 0 1 1
     [  1]  0 1 0 1 0 0 0 1
     [  2]  0 0 0 0 0 0 1 1
     [  3]  0 1 0 1 1 0 0 0
     [  4]  1 0 0 1 0 0 1 1
     [  5]  0 0 0 1 1 1 0 0
     [  6]  1 0 1 1 0 0 1 0
     [  7]  0 0 0 1 1 1 0 0
t=(5, 7) cycle 발생
 init= 76 : 0 1 0 0 1 1 0 0
     [  1]  1 0 1 1 0 0 0 0
     [  2]  0 0 0 0 0 1 0 0
     [  3]  0 0 1 0 0 0 0 0
     [  4]  0 0 0 0 0 0 1 0
     [  5]  0 1 0 1 1 0 0 0
     [  6]  1 0 0 1 0 0 1 1
     [  7]  0 0 0 1 1 1 0 0
     [  8]  1 0 1 1 0 0 1 0
     [  9]  0 0 0 1 1 1 0 0
t=(7, 9) cycle 발생
 init= 77 : 0 1 0 0 1 1 0 1
     [  1]  0 0 1 1 0 0 0 0
     [  2]  0 0 0 0 0 0 1 0
     [  3]  0 1 0 1 1 0 0 0
     [  4]  1 0 0 1 0 0 1 1
     [  5]  0 0 0 1 1 1 0 0
     [  6]  1 0 1 1 0 0 1 0
     [  7]  0 0 0 1 1 1 0 0
t=(5, 7) cycle 발생
 init= 78 : 0 1 0 0 1 1 1 0
     [  1]  0 1 1 1 0 0 0 0
     [  2]  1 0 0 0 0 0 1 1
     [  3]  0 0 0 1 1 1 0 0
     [  4]  1 0 1 1 0 0 1 0
     [  5]  0 0 0 1 1 1 0 0
t=(3, 5) cycle 발생
 init= 79 : 0 1 0 0 1 1 1 1
     [  1]  0 1 1 1 0 0 0 0
     [  2]  1 0 0 0 0 0 1 1
     [  3]  0 0 0 1 1 1 0 0
     [  4]  1 0 1 1 0 0 1 0
     [  5]  0 0 0 1 1 1 0 0
t=(3, 5) cycle 발생
 init= 80 : 0 1 0 1 0 0 0 0
     [  1]  1 0 0 0 0 0 1 1
     [  2]  0 0 0 1 1 1 0 0
     [  3]  1 0 1 1 0 0 1 0
     [  4]  0 0 0 1 1 1 0 0
t=(2, 4) cycle 발생
 init= 81 : 0 1 0 1 0 0 0 1
     [  1]  0 0 0 0 0 0 1 1
     [  2]  0 1 0 1 1 0 0 0
     [  3]  1 0 0 1 0 0 1 1
     [  4]  0 0 0 1 1 1 0 0
     [  5]  1 0 1 1 0 0 1 0
     [  6]  0 0 0 1 1 1 0 0
t=(4, 6) cycle 발생
 init= 82 : 0 1 0 1 0 0 1 0
     [  1]  0 1 0 1 0 0 1 1
     [  2]  0 1 0 1 0 0 1 1 ---> fixed point 발견!!

<fixed point>
 0 1 0 1 0 0 1 1


 init= 83 : 0 1 0 1 0 0 1 1
     [  1]  0 1 0 1 0 0 1 1 ---> fixed point 발견!!

<fixed point>
 0 1 0 1 0 0 1 1


 init= 84 : 0 1 0 1 0 1 0 0
     [  1]  1 0 1 0 0 0 1 0
     [  2]  0 0 0 1 1 1 0 0
     [  3]  1 0 1 1 0 0 1 0
     [  4]  0 0 0 1 1 1 0 0
t=(2, 4) cycle 발생
 init= 85 : 0 1 0 1 0 1 0 1
     [  1]  0 0 1 0 0 0 1 0
     [  2]  0 1 0 1 1 0 1 0
     [  3]  0 1 0 1 0 0 1 1
     [  4]  0 1 0 1 0 0 1 1 ---> fixed point 발견!!

<fixed point>
 0 1 0 1 0 0 1 1


 init= 86 : 0 1 0 1 0 1 1 0
     [  1]  0 1 1 1 0 0 1 0
     [  2]  0 1 0 1 0 0 1 1
     [  3]  0 1 0 1 0 0 1 1 ---> fixed point 발견!!

<fixed point>
 0 1 0 1 0 0 1 1


 init= 87 : 0 1 0 1 0 1 1 1
     [  1]  0 1 1 1 0 0 1 0
     [  2]  0 1 0 1 0 0 1 1
     [  3]  0 1 0 1 0 0 1 1 ---> fixed point 발견!!

<fixed point>
 0 1 0 1 0 0 1 1


 init= 88 : 0 1 0 1 1 0 0 0
     [  1]  1 0 0 1 0 0 1 1
     [  2]  0 0 0 1 1 1 0 0
     [  3]  1 0 1 1 0 0 1 0
     [  4]  0 0 0 1 1 1 0 0
t=(2, 4) cycle 발생
 init= 89 : 0 1 0 1 1 0 0 1
     [  1]  0 0 0 1 0 0 1 1
     [  2]  0 1 0 1 1 0 1 0
     [  3]  0 1 0 1 0 0 1 1
     [  4]  0 1 0 1 0 0 1 1 ---> fixed point 발견!!

<fixed point>
 0 1 0 1 0 0 1 1


 init= 90 : 0 1 0 1 1 0 1 0
     [  1]  0 1 0 1 0 0 1 1
     [  2]  0 1 0 1 0 0 1 1 ---> fixed point 발견!!

<fixed point>
 0 1 0 1 0 0 1 1


 init= 91 : 0 1 0 1 1 0 1 1
     [  1]  0 1 0 1 0 0 1 1
     [  2]  0 1 0 1 0 0 1 1 ---> fixed point 발견!!

<fixed point>
 0 1 0 1 0 0 1 1


 init= 92 : 0 1 0 1 1 1 0 0
     [  1]  1 0 1 1 0 0 1 0
     [  2]  0 0 0 1 1 1 0 0
     [  3]  1 0 1 1 0 0 1 0
t=(1, 3) cycle 발생
 init= 93 : 0 1 0 1 1 1 0 1
     [  1]  0 0 1 1 0 0 1 0
     [  2]  0 1 0 1 1 0 1 0
     [  3]  0 1 0 1 0 0 1 1
     [  4]  0 1 0 1 0 0 1 1 ---> fixed point 발견!!

<fixed point>
 0 1 0 1 0 0 1 1


 init= 94 : 0 1 0 1 1 1 1 0
     [  1]  0 1 1 1 0 0 1 0
     [  2]  0 1 0 1 0 0 1 1
     [  3]  0 1 0 1 0 0 1 1 ---> fixed point 발견!!

<fixed point>
 0 1 0 1 0 0 1 1


 init= 95 : 0 1 0 1 1 1 1 1
     [  1]  0 1 1 1 0 0 1 0
     [  2]  0 1 0 1 0 0 1 1
     [  3]  0 1 0 1 0 0 1 1 ---> fixed point 발견!!

<fixed point>
 0 1 0 1 0 0 1 1


 init= 96 : 0 1 1 0 0 0 0 0
     [  1]  1 0 0 0 0 0 1 1
     [  2]  0 0 0 1 1 1 0 0
     [  3]  1 0 1 1 0 0 1 0
     [  4]  0 0 0 1 1 1 0 0
t=(2, 4) cycle 발생
 init= 97 : 0 1 1 0 0 0 0 1
     [  1]  0 0 0 0 0 0 1 1
     [  2]  0 1 0 1 1 0 0 0
     [  3]  1 0 0 1 0 0 1 1
     [  4]  0 0 0 1 1 1 0 0
     [  5]  1 0 1 1 0 0 1 0
     [  6]  0 0 0 1 1 1 0 0
t=(4, 6) cycle 발생
 init= 98 : 0 1 1 0 0 0 1 0
     [  1]  0 1 0 1 0 0 1 1
     [  2]  0 1 0 1 0 0 1 1 ---> fixed point 발견!!

<fixed point>
 0 1 0 1 0 0 1 1


 init= 99 : 0 1 1 0 0 0 1 1
     [  1]  0 1 0 1 0 0 1 1
     [  2]  0 1 0 1 0 0 1 1 ---> fixed point 발견!!

<fixed point>
 0 1 0 1 0 0 1 1


 init=100 : 0 1 1 0 0 1 0 0
     [  1]  1 0 1 0 0 0 1 0
     [  2]  0 0 0 1 1 1 0 0
     [  3]  1 0 1 1 0 0 1 0
     [  4]  0 0 0 1 1 1 0 0
t=(2, 4) cycle 발생
 init=101 : 0 1 1 0 0 1 0 1
     [  1]  0 0 1 0 0 0 1 0
     [  2]  0 1 0 1 1 0 1 0
     [  3]  0 1 0 1 0 0 1 1
     [  4]  0 1 0 1 0 0 1 1 ---> fixed point 발견!!

<fixed point>
 0 1 0 1 0 0 1 1


 init=102 : 0 1 1 0 0 1 1 0
     [  1]  0 1 1 1 0 0 1 0
     [  2]  0 1 0 1 0 0 1 1
     [  3]  0 1 0 1 0 0 1 1 ---> fixed point 발견!!

<fixed point>
 0 1 0 1 0 0 1 1


 init=103 : 0 1 1 0 0 1 1 1
     [  1]  0 1 1 1 0 0 1 0
     [  2]  0 1 0 1 0 0 1 1
     [  3]  0 1 0 1 0 0 1 1 ---> fixed point 발견!!

<fixed point>
 0 1 0 1 0 0 1 1


 init=104 : 0 1 1 0 1 0 0 0
     [  1]  1 0 0 1 0 0 1 1
     [  2]  0 0 0 1 1 1 0 0
     [  3]  1 0 1 1 0 0 1 0
     [  4]  0 0 0 1 1 1 0 0
t=(2, 4) cycle 발생
 init=105 : 0 1 1 0 1 0 0 1
     [  1]  0 0 0 1 0 0 1 1
     [  2]  0 1 0 1 1 0 1 0
     [  3]  0 1 0 1 0 0 1 1
     [  4]  0 1 0 1 0 0 1 1 ---> fixed point 발견!!

<fixed point>
 0 1 0 1 0 0 1 1


 init=106 : 0 1 1 0 1 0 1 0
     [  1]  0 1 0 1 0 0 1 1
     [  2]  0 1 0 1 0 0 1 1 ---> fixed point 발견!!

<fixed point>
 0 1 0 1 0 0 1 1


 init=107 : 0 1 1 0 1 0 1 1
     [  1]  0 1 0 1 0 0 1 1
     [  2]  0 1 0 1 0 0 1 1 ---> fixed point 발견!!

<fixed point>
 0 1 0 1 0 0 1 1


 init=108 : 0 1 1 0 1 1 0 0
     [  1]  1 0 1 1 0 0 1 0
     [  2]  0 0 0 1 1 1 0 0
     [  3]  1 0 1 1 0 0 1 0
t=(1, 3) cycle 발생
 init=109 : 0 1 1 0 1 1 0 1
     [  1]  0 0 1 1 0 0 1 0
     [  2]  0 1 0 1 1 0 1 0
     [  3]  0 1 0 1 0 0 1 1
     [  4]  0 1 0 1 0 0 1 1 ---> fixed point 발견!!

<fixed point>
 0 1 0 1 0 0 1 1


 init=110 : 0 1 1 0 1 1 1 0
     [  1]  0 1 1 1 0 0 1 0
     [  2]  0 1 0 1 0 0 1 1
     [  3]  0 1 0 1 0 0 1 1 ---> fixed point 발견!!

<fixed point>
 0 1 0 1 0 0 1 1


 init=111 : 0 1 1 0 1 1 1 1
     [  1]  0 1 1 1 0 0 1 0
     [  2]  0 1 0 1 0 0 1 1
     [  3]  0 1 0 1 0 0 1 1 ---> fixed point 발견!!

<fixed point>
 0 1 0 1 0 0 1 1


 init=112 : 0 1 1 1 0 0 0 0
     [  1]  1 0 0 0 0 0 1 1
     [  2]  0 0 0 1 1 1 0 0
     [  3]  1 0 1 1 0 0 1 0
     [  4]  0 0 0 1 1 1 0 0
t=(2, 4) cycle 발생
 init=113 : 0 1 1 1 0 0 0 1
     [  1]  0 0 0 0 0 0 1 1
     [  2]  0 1 0 1 1 0 0 0
     [  3]  1 0 0 1 0 0 1 1
     [  4]  0 0 0 1 1 1 0 0
     [  5]  1 0 1 1 0 0 1 0
     [  6]  0 0 0 1 1 1 0 0
t=(4, 6) cycle 발생
 init=114 : 0 1 1 1 0 0 1 0
     [  1]  0 1 0 1 0 0 1 1
     [  2]  0 1 0 1 0 0 1 1 ---> fixed point 발견!!

<fixed point>
 0 1 0 1 0 0 1 1


 init=115 : 0 1 1 1 0 0 1 1
     [  1]  0 1 0 1 0 0 1 1
     [  2]  0 1 0 1 0 0 1 1 ---> fixed point 발견!!

<fixed point>
 0 1 0 1 0 0 1 1


 init=116 : 0 1 1 1 0 1 0 0
     [  1]  1 0 1 0 0 0 1 0
     [  2]  0 0 0 1 1 1 0 0
     [  3]  1 0 1 1 0 0 1 0
     [  4]  0 0 0 1 1 1 0 0
t=(2, 4) cycle 발생
 init=117 : 0 1 1 1 0 1 0 1
     [  1]  0 0 1 0 0 0 1 0
     [  2]  0 1 0 1 1 0 1 0
     [  3]  0 1 0 1 0 0 1 1
     [  4]  0 1 0 1 0 0 1 1 ---> fixed point 발견!!

<fixed point>
 0 1 0 1 0 0 1 1


 init=118 : 0 1 1 1 0 1 1 0
     [  1]  0 1 1 1 0 0 1 0
     [  2]  0 1 0 1 0 0 1 1
     [  3]  0 1 0 1 0 0 1 1 ---> fixed point 발견!!

<fixed point>
 0 1 0 1 0 0 1 1


 init=119 : 0 1 1 1 0 1 1 1
     [  1]  0 1 1 1 0 0 1 0
     [  2]  0 1 0 1 0 0 1 1
     [  3]  0 1 0 1 0 0 1 1 ---> fixed point 발견!!

<fixed point>
 0 1 0 1 0 0 1 1


 init=120 : 0 1 1 1 1 0 0 0
     [  1]  1 0 0 1 0 0 1 1
     [  2]  0 0 0 1 1 1 0 0
     [  3]  1 0 1 1 0 0 1 0
     [  4]  0 0 0 1 1 1 0 0
t=(2, 4) cycle 발생
 init=121 : 0 1 1 1 1 0 0 1
     [  1]  0 0 0 1 0 0 1 1
     [  2]  0 1 0 1 1 0 1 0
     [  3]  0 1 0 1 0 0 1 1
     [  4]  0 1 0 1 0 0 1 1 ---> fixed point 발견!!

<fixed point>
 0 1 0 1 0 0 1 1


 init=122 : 0 1 1 1 1 0 1 0
     [  1]  0 1 0 1 0 0 1 1
     [  2]  0 1 0 1 0 0 1 1 ---> fixed point 발견!!

<fixed point>
 0 1 0 1 0 0 1 1


 init=123 : 0 1 1 1 1 0 1 1
     [  1]  0 1 0 1 0 0 1 1
     [  2]  0 1 0 1 0 0 1 1 ---> fixed point 발견!!

<fixed point>
 0 1 0 1 0 0 1 1


 init=124 : 0 1 1 1 1 1 0 0
     [  1]  1 0 1 1 0 0 1 0
     [  2]  0 0 0 1 1 1 0 0
     [  3]  1 0 1 1 0 0 1 0
t=(1, 3) cycle 발생
 init=125 : 0 1 1 1 1 1 0 1
     [  1]  0 0 1 1 0 0 1 0
     [  2]  0 1 0 1 1 0 1 0
     [  3]  0 1 0 1 0 0 1 1
     [  4]  0 1 0 1 0 0 1 1 ---> fixed point 발견!!

<fixed point>
 0 1 0 1 0 0 1 1


 init=126 : 0 1 1 1 1 1 1 0
     [  1]  0 1 1 1 0 0 1 0
     [  2]  0 1 0 1 0 0 1 1
     [  3]  0 1 0 1 0 0 1 1 ---> fixed point 발견!!

<fixed point>
 0 1 0 1 0 0 1 1


 init=127 : 0 1 1 1 1 1 1 1
     [  1]  0 1 1 1 0 0 1 0
     [  2]  0 1 0 1 0 0 1 1
     [  3]  0 1 0 1 0 0 1 1 ---> fixed point 발견!!

<fixed point>
 0 1 0 1 0 0 1 1


 init=128 : 1 0 0 0 0 0 0 0
     [  1]  0 0 0 0 0 1 0 0
     [  2]  0 0 1 0 0 0 0 0
     [  3]  0 0 0 0 0 0 1 0
     [  4]  0 1 0 1 1 0 0 0
     [  5]  1 0 0 1 0 0 1 1
     [  6]  0 0 0 1 1 1 0 0
     [  7]  1 0 1 1 0 0 1 0
     [  8]  0 0 0 1 1 1 0 0
t=(6, 8) cycle 발생
 init=129 : 1 0 0 0 0 0 0 1
     [  1]  0 0 0 0 0 1 0 0
     [  2]  0 0 1 0 0 0 0 0
     [  3]  0 0 0 0 0 0 1 0
     [  4]  0 1 0 1 1 0 0 0
     [  5]  1 0 0 1 0 0 1 1
     [  6]  0 0 0 1 1 1 0 0
     [  7]  1 0 1 1 0 0 1 0
     [  8]  0 0 0 1 1 1 0 0
t=(6, 8) cycle 발생
 init=130 : 1 0 0 0 0 0 1 0
     [  1]  0 0 0 1 1 1 0 0
     [  2]  1 0 1 1 0 0 1 0
     [  3]  0 0 0 1 1 1 0 0
t=(1, 3) cycle 발생
 init=131 : 1 0 0 0 0 0 1 1
     [  1]  0 0 0 1 1 1 0 0
     [  2]  1 0 1 1 0 0 1 0
     [  3]  0 0 0 1 1 1 0 0
t=(1, 3) cycle 발생
 init=132 : 1 0 0 0 0 1 0 0
     [  1]  0 0 0 0 0 1 0 0
     [  2]  0 0 1 0 0 0 0 0
     [  3]  0 0 0 0 0 0 1 0
     [  4]  0 1 0 1 1 0 0 0
     [  5]  1 0 0 1 0 0 1 1
     [  6]  0 0 0 1 1 1 0 0
     [  7]  1 0 1 1 0 0 1 0
     [  8]  0 0 0 1 1 1 0 0
t=(6, 8) cycle 발생
 init=133 : 1 0 0 0 0 1 0 1
     [  1]  0 0 0 0 0 1 0 0
     [  2]  0 0 1 0 0 0 0 0
     [  3]  0 0 0 0 0 0 1 0
     [  4]  0 1 0 1 1 0 0 0
     [  5]  1 0 0 1 0 0 1 1
     [  6]  0 0 0 1 1 1 0 0
     [  7]  1 0 1 1 0 0 1 0
     [  8]  0 0 0 1 1 1 0 0
t=(6, 8) cycle 발생
 init=134 : 1 0 0 0 0 1 1 0
     [  1]  0 0 0 1 1 1 0 0
     [  2]  1 0 1 1 0 0 1 0
     [  3]  0 0 0 1 1 1 0 0
t=(1, 3) cycle 발생
 init=135 : 1 0 0 0 0 1 1 1
     [  1]  0 0 0 1 1 1 0 0
     [  2]  1 0 1 1 0 0 1 0
     [  3]  0 0 0 1 1 1 0 0
t=(1, 3) cycle 발생
 init=136 : 1 0 0 0 1 0 0 0
     [  1]  1 0 0 1 0 1 0 0
     [  2]  0 0 0 0 0 1 0 0
     [  3]  0 0 1 0 0 0 0 0
     [  4]  0 0 0 0 0 0 1 0
     [  5]  0 1 0 1 1 0 0 0
     [  6]  1 0 0 1 0 0 1 1
     [  7]  0 0 0 1 1 1 0 0
     [  8]  1 0 1 1 0 0 1 0
     [  9]  0 0 0 1 1 1 0 0
t=(7, 9) cycle 발생
 init=137 : 1 0 0 0 1 0 0 1
     [  1]  0 0 0 1 0 1 0 0
     [  2]  0 0 1 0 0 0 1 0
     [  3]  0 1 0 1 1 0 1 0
     [  4]  0 1 0 1 0 0 1 1
     [  5]  0 1 0 1 0 0 1 1 ---> fixed point 발견!!

<fixed point>
 0 1 0 1 0 0 1 1


 init=138 : 1 0 0 0 1 0 1 0
     [  1]  0 0 0 1 1 1 0 0
     [  2]  1 0 1 1 0 0 1 0
     [  3]  0 0 0 1 1 1 0 0
t=(1, 3) cycle 발생
 init=139 : 1 0 0 0 1 0 1 1
     [  1]  0 0 0 1 1 1 0 0
     [  2]  1 0 1 1 0 0 1 0
     [  3]  0 0 0 1 1 1 0 0
t=(1, 3) cycle 발생
 init=140 : 1 0 0 0 1 1 0 0
     [  1]  1 0 0 1 0 1 0 0
     [  2]  0 0 0 0 0 1 0 0
     [  3]  0 0 1 0 0 0 0 0
     [  4]  0 0 0 0 0 0 1 0
     [  5]  0 1 0 1 1 0 0 0
     [  6]  1 0 0 1 0 0 1 1
     [  7]  0 0 0 1 1 1 0 0
     [  8]  1 0 1 1 0 0 1 0
     [  9]  0 0 0 1 1 1 0 0
t=(7, 9) cycle 발생
 init=141 : 1 0 0 0 1 1 0 1
     [  1]  0 0 0 1 0 1 0 0
     [  2]  0 0 1 0 0 0 1 0
     [  3]  0 1 0 1 1 0 1 0
     [  4]  0 1 0 1 0 0 1 1
     [  5]  0 1 0 1 0 0 1 1 ---> fixed point 발견!!

<fixed point>
 0 1 0 1 0 0 1 1


 init=142 : 1 0 0 0 1 1 1 0
     [  1]  0 0 0 1 1 1 0 0
     [  2]  1 0 1 1 0 0 1 0
     [  3]  0 0 0 1 1 1 0 0
t=(1, 3) cycle 발생
 init=143 : 1 0 0 0 1 1 1 1
     [  1]  0 0 0 1 1 1 0 0
     [  2]  1 0 1 1 0 0 1 0
     [  3]  0 0 0 1 1 1 0 0
t=(1, 3) cycle 발생
 init=144 : 1 0 0 1 0 0 0 0
     [  1]  0 0 0 0 0 1 0 0
     [  2]  0 0 1 0 0 0 0 0
     [  3]  0 0 0 0 0 0 1 0
     [  4]  0 1 0 1 1 0 0 0
     [  5]  1 0 0 1 0 0 1 1
     [  6]  0 0 0 1 1 1 0 0
     [  7]  1 0 1 1 0 0 1 0
     [  8]  0 0 0 1 1 1 0 0
t=(6, 8) cycle 발생
 init=145 : 1 0 0 1 0 0 0 1
     [  1]  0 0 0 0 0 1 0 0
     [  2]  0 0 1 0 0 0 0 0
     [  3]  0 0 0 0 0 0 1 0
     [  4]  0 1 0 1 1 0 0 0
     [  5]  1 0 0 1 0 0 1 1
     [  6]  0 0 0 1 1 1 0 0
     [  7]  1 0 1 1 0 0 1 0
     [  8]  0 0 0 1 1 1 0 0
t=(6, 8) cycle 발생
 init=146 : 1 0 0 1 0 0 1 0
     [  1]  0 0 0 1 1 1 0 0
     [  2]  1 0 1 1 0 0 1 0
     [  3]  0 0 0 1 1 1 0 0
t=(1, 3) cycle 발생
 init=147 : 1 0 0 1 0 0 1 1
     [  1]  0 0 0 1 1 1 0 0
     [  2]  1 0 1 1 0 0 1 0
     [  3]  0 0 0 1 1 1 0 0
t=(1, 3) cycle 발생
 init=148 : 1 0 0 1 0 1 0 0
     [  1]  0 0 0 0 0 1 0 0
     [  2]  0 0 1 0 0 0 0 0
     [  3]  0 0 0 0 0 0 1 0
     [  4]  0 1 0 1 1 0 0 0
     [  5]  1 0 0 1 0 0 1 1
     [  6]  0 0 0 1 1 1 0 0
     [  7]  1 0 1 1 0 0 1 0
     [  8]  0 0 0 1 1 1 0 0
t=(6, 8) cycle 발생
 init=149 : 1 0 0 1 0 1 0 1
     [  1]  0 0 0 0 0 1 0 0
     [  2]  0 0 1 0 0 0 0 0
     [  3]  0 0 0 0 0 0 1 0
     [  4]  0 1 0 1 1 0 0 0
     [  5]  1 0 0 1 0 0 1 1
     [  6]  0 0 0 1 1 1 0 0
     [  7]  1 0 1 1 0 0 1 0
     [  8]  0 0 0 1 1 1 0 0
t=(6, 8) cycle 발생
 init=150 : 1 0 0 1 0 1 1 0
     [  1]  0 0 0 1 1 1 0 0
     [  2]  1 0 1 1 0 0 1 0
     [  3]  0 0 0 1 1 1 0 0
t=(1, 3) cycle 발생
 init=151 : 1 0 0 1 0 1 1 1
     [  1]  0 0 0 1 1 1 0 0
     [  2]  1 0 1 1 0 0 1 0
     [  3]  0 0 0 1 1 1 0 0
t=(1, 3) cycle 발생
 init=152 : 1 0 0 1 1 0 0 0
     [  1]  1 0 0 1 0 1 0 0
     [  2]  0 0 0 0 0 1 0 0
     [  3]  0 0 1 0 0 0 0 0
     [  4]  0 0 0 0 0 0 1 0
     [  5]  0 1 0 1 1 0 0 0
     [  6]  1 0 0 1 0 0 1 1
     [  7]  0 0 0 1 1 1 0 0
     [  8]  1 0 1 1 0 0 1 0
     [  9]  0 0 0 1 1 1 0 0
t=(7, 9) cycle 발생
 init=153 : 1 0 0 1 1 0 0 1
     [  1]  0 0 0 1 0 1 0 0
     [  2]  0 0 1 0 0 0 1 0
     [  3]  0 1 0 1 1 0 1 0
     [  4]  0 1 0 1 0 0 1 1
     [  5]  0 1 0 1 0 0 1 1 ---> fixed point 발견!!

<fixed point>
 0 1 0 1 0 0 1 1


 init=154 : 1 0 0 1 1 0 1 0
     [  1]  0 0 0 1 1 1 0 0
     [  2]  1 0 1 1 0 0 1 0
     [  3]  0 0 0 1 1 1 0 0
t=(1, 3) cycle 발생
 init=155 : 1 0 0 1 1 0 1 1
     [  1]  0 0 0 1 1 1 0 0
     [  2]  1 0 1 1 0 0 1 0
     [  3]  0 0 0 1 1 1 0 0
t=(1, 3) cycle 발생
 init=156 : 1 0 0 1 1 1 0 0
     [  1]  1 0 0 1 0 1 0 0
     [  2]  0 0 0 0 0 1 0 0
     [  3]  0 0 1 0 0 0 0 0
     [  4]  0 0 0 0 0 0 1 0
     [  5]  0 1 0 1 1 0 0 0
     [  6]  1 0 0 1 0 0 1 1
     [  7]  0 0 0 1 1 1 0 0
     [  8]  1 0 1 1 0 0 1 0
     [  9]  0 0 0 1 1 1 0 0
t=(7, 9) cycle 발생
 init=157 : 1 0 0 1 1 1 0 1
     [  1]  0 0 0 1 0 1 0 0
     [  2]  0 0 1 0 0 0 1 0
     [  3]  0 1 0 1 1 0 1 0
     [  4]  0 1 0 1 0 0 1 1
     [  5]  0 1 0 1 0 0 1 1 ---> fixed point 발견!!

<fixed point>
 0 1 0 1 0 0 1 1


 init=158 : 1 0 0 1 1 1 1 0
     [  1]  0 0 0 1 1 1 0 0
     [  2]  1 0 1 1 0 0 1 0
     [  3]  0 0 0 1 1 1 0 0
t=(1, 3) cycle 발생
 init=159 : 1 0 0 1 1 1 1 1
     [  1]  0 0 0 1 1 1 0 0
     [  2]  1 0 1 1 0 0 1 0
     [  3]  0 0 0 1 1 1 0 0
t=(1, 3) cycle 발생
 init=160 : 1 0 1 0 0 0 0 0
     [  1]  0 0 0 0 0 1 0 0
     [  2]  0 0 1 0 0 0 0 0
     [  3]  0 0 0 0 0 0 1 0
     [  4]  0 1 0 1 1 0 0 0
     [  5]  1 0 0 1 0 0 1 1
     [  6]  0 0 0 1 1 1 0 0
     [  7]  1 0 1 1 0 0 1 0
     [  8]  0 0 0 1 1 1 0 0
t=(6, 8) cycle 발생
 init=161 : 1 0 1 0 0 0 0 1
     [  1]  0 0 0 0 0 1 0 0
     [  2]  0 0 1 0 0 0 0 0
     [  3]  0 0 0 0 0 0 1 0
     [  4]  0 1 0 1 1 0 0 0
     [  5]  1 0 0 1 0 0 1 1
     [  6]  0 0 0 1 1 1 0 0
     [  7]  1 0 1 1 0 0 1 0
     [  8]  0 0 0 1 1 1 0 0
t=(6, 8) cycle 발생
 init=162 : 1 0 1 0 0 0 1 0
     [  1]  0 0 0 1 1 1 0 0
     [  2]  1 0 1 1 0 0 1 0
     [  3]  0 0 0 1 1 1 0 0
t=(1, 3) cycle 발생
 init=163 : 1 0 1 0 0 0 1 1
     [  1]  0 0 0 1 1 1 0 0
     [  2]  1 0 1 1 0 0 1 0
     [  3]  0 0 0 1 1 1 0 0
t=(1, 3) cycle 발생
 init=164 : 1 0 1 0 0 1 0 0
     [  1]  0 0 0 0 0 1 0 0
     [  2]  0 0 1 0 0 0 0 0
     [  3]  0 0 0 0 0 0 1 0
     [  4]  0 1 0 1 1 0 0 0
     [  5]  1 0 0 1 0 0 1 1
     [  6]  0 0 0 1 1 1 0 0
     [  7]  1 0 1 1 0 0 1 0
     [  8]  0 0 0 1 1 1 0 0
t=(6, 8) cycle 발생
 init=165 : 1 0 1 0 0 1 0 1
     [  1]  0 0 0 0 0 1 0 0
     [  2]  0 0 1 0 0 0 0 0
     [  3]  0 0 0 0 0 0 1 0
     [  4]  0 1 0 1 1 0 0 0
     [  5]  1 0 0 1 0 0 1 1
     [  6]  0 0 0 1 1 1 0 0
     [  7]  1 0 1 1 0 0 1 0
     [  8]  0 0 0 1 1 1 0 0
t=(6, 8) cycle 발생
 init=166 : 1 0 1 0 0 1 1 0
     [  1]  0 0 0 1 1 1 0 0
     [  2]  1 0 1 1 0 0 1 0
     [  3]  0 0 0 1 1 1 0 0
t=(1, 3) cycle 발생
 init=167 : 1 0 1 0 0 1 1 1
     [  1]  0 0 0 1 1 1 0 0
     [  2]  1 0 1 1 0 0 1 0
     [  3]  0 0 0 1 1 1 0 0
t=(1, 3) cycle 발생
 init=168 : 1 0 1 0 1 0 0 0
     [  1]  1 0 0 1 0 1 0 0
     [  2]  0 0 0 0 0 1 0 0
     [  3]  0 0 1 0 0 0 0 0
     [  4]  0 0 0 0 0 0 1 0
     [  5]  0 1 0 1 1 0 0 0
     [  6]  1 0 0 1 0 0 1 1
     [  7]  0 0 0 1 1 1 0 0
     [  8]  1 0 1 1 0 0 1 0
     [  9]  0 0 0 1 1 1 0 0
t=(7, 9) cycle 발생
 init=169 : 1 0 1 0 1 0 0 1
     [  1]  0 0 0 1 0 1 0 0
     [  2]  0 0 1 0 0 0 1 0
     [  3]  0 1 0 1 1 0 1 0
     [  4]  0 1 0 1 0 0 1 1
     [  5]  0 1 0 1 0 0 1 1 ---> fixed point 발견!!

<fixed point>
 0 1 0 1 0 0 1 1


 init=170 : 1 0 1 0 1 0 1 0
     [  1]  0 0 0 1 1 1 0 0
     [  2]  1 0 1 1 0 0 1 0
     [  3]  0 0 0 1 1 1 0 0
t=(1, 3) cycle 발생
 init=171 : 1 0 1 0 1 0 1 1
     [  1]  0 0 0 1 1 1 0 0
     [  2]  1 0 1 1 0 0 1 0
     [  3]  0 0 0 1 1 1 0 0
t=(1, 3) cycle 발생
 init=172 : 1 0 1 0 1 1 0 0
     [  1]  1 0 0 1 0 1 0 0
     [  2]  0 0 0 0 0 1 0 0
     [  3]  0 0 1 0 0 0 0 0
     [  4]  0 0 0 0 0 0 1 0
     [  5]  0 1 0 1 1 0 0 0
     [  6]  1 0 0 1 0 0 1 1
     [  7]  0 0 0 1 1 1 0 0
     [  8]  1 0 1 1 0 0 1 0
     [  9]  0 0 0 1 1 1 0 0
t=(7, 9) cycle 발생
 init=173 : 1 0 1 0 1 1 0 1
     [  1]  0 0 0 1 0 1 0 0
     [  2]  0 0 1 0 0 0 1 0
     [  3]  0 1 0 1 1 0 1 0
     [  4]  0 1 0 1 0 0 1 1
     [  5]  0 1 0 1 0 0 1 1 ---> fixed point 발견!!

<fixed point>
 0 1 0 1 0 0 1 1


 init=174 : 1 0 1 0 1 1 1 0
     [  1]  0 0 0 1 1 1 0 0
     [  2]  1 0 1 1 0 0 1 0
     [  3]  0 0 0 1 1 1 0 0
t=(1, 3) cycle 발생
 init=175 : 1 0 1 0 1 1 1 1
     [  1]  0 0 0 1 1 1 0 0
     [  2]  1 0 1 1 0 0 1 0
     [  3]  0 0 0 1 1 1 0 0
t=(1, 3) cycle 발생
 init=176 : 1 0 1 1 0 0 0 0
     [  1]  0 0 0 0 0 1 0 0
     [  2]  0 0 1 0 0 0 0 0
     [  3]  0 0 0 0 0 0 1 0
     [  4]  0 1 0 1 1 0 0 0
     [  5]  1 0 0 1 0 0 1 1
     [  6]  0 0 0 1 1 1 0 0
     [  7]  1 0 1 1 0 0 1 0
     [  8]  0 0 0 1 1 1 0 0
t=(6, 8) cycle 발생
 init=177 : 1 0 1 1 0 0 0 1
     [  1]  0 0 0 0 0 1 0 0
     [  2]  0 0 1 0 0 0 0 0
     [  3]  0 0 0 0 0 0 1 0
     [  4]  0 1 0 1 1 0 0 0
     [  5]  1 0 0 1 0 0 1 1
     [  6]  0 0 0 1 1 1 0 0
     [  7]  1 0 1 1 0 0 1 0
     [  8]  0 0 0 1 1 1 0 0
t=(6, 8) cycle 발생
 init=178 : 1 0 1 1 0 0 1 0
     [  1]  0 0 0 1 1 1 0 0
     [  2]  1 0 1 1 0 0 1 0
     [  3]  0 0 0 1 1 1 0 0
t=(1, 3) cycle 발생
 init=179 : 1 0 1 1 0 0 1 1
     [  1]  0 0 0 1 1 1 0 0
     [  2]  1 0 1 1 0 0 1 0
     [  3]  0 0 0 1 1 1 0 0
t=(1, 3) cycle 발생
 init=180 : 1 0 1 1 0 1 0 0
     [  1]  0 0 0 0 0 1 0 0
     [  2]  0 0 1 0 0 0 0 0
     [  3]  0 0 0 0 0 0 1 0
     [  4]  0 1 0 1 1 0 0 0
     [  5]  1 0 0 1 0 0 1 1
     [  6]  0 0 0 1 1 1 0 0
     [  7]  1 0 1 1 0 0 1 0
     [  8]  0 0 0 1 1 1 0 0
t=(6, 8) cycle 발생
 init=181 : 1 0 1 1 0 1 0 1
     [  1]  0 0 0 0 0 1 0 0
     [  2]  0 0 1 0 0 0 0 0
     [  3]  0 0 0 0 0 0 1 0
     [  4]  0 1 0 1 1 0 0 0
     [  5]  1 0 0 1 0 0 1 1
     [  6]  0 0 0 1 1 1 0 0
     [  7]  1 0 1 1 0 0 1 0
     [  8]  0 0 0 1 1 1 0 0
t=(6, 8) cycle 발생
 init=182 : 1 0 1 1 0 1 1 0
     [  1]  0 0 0 1 1 1 0 0
     [  2]  1 0 1 1 0 0 1 0
     [  3]  0 0 0 1 1 1 0 0
t=(1, 3) cycle 발생
 init=183 : 1 0 1 1 0 1 1 1
     [  1]  0 0 0 1 1 1 0 0
     [  2]  1 0 1 1 0 0 1 0
     [  3]  0 0 0 1 1 1 0 0
t=(1, 3) cycle 발생
 init=184 : 1 0 1 1 1 0 0 0
     [  1]  1 0 0 1 0 1 0 0
     [  2]  0 0 0 0 0 1 0 0
     [  3]  0 0 1 0 0 0 0 0
     [  4]  0 0 0 0 0 0 1 0
     [  5]  0 1 0 1 1 0 0 0
     [  6]  1 0 0 1 0 0 1 1
     [  7]  0 0 0 1 1 1 0 0
     [  8]  1 0 1 1 0 0 1 0
     [  9]  0 0 0 1 1 1 0 0
t=(7, 9) cycle 발생
 init=185 : 1 0 1 1 1 0 0 1
     [  1]  0 0 0 1 0 1 0 0
     [  2]  0 0 1 0 0 0 1 0
     [  3]  0 1 0 1 1 0 1 0
     [  4]  0 1 0 1 0 0 1 1
     [  5]  0 1 0 1 0 0 1 1 ---> fixed point 발견!!

<fixed point>
 0 1 0 1 0 0 1 1


 init=186 : 1 0 1 1 1 0 1 0
     [  1]  0 0 0 1 1 1 0 0
     [  2]  1 0 1 1 0 0 1 0
     [  3]  0 0 0 1 1 1 0 0
t=(1, 3) cycle 발생
 init=187 : 1 0 1 1 1 0 1 1
     [  1]  0 0 0 1 1 1 0 0
     [  2]  1 0 1 1 0 0 1 0
     [  3]  0 0 0 1 1 1 0 0
t=(1, 3) cycle 발생
 init=188 : 1 0 1 1 1 1 0 0
     [  1]  1 0 0 1 0 1 0 0
     [  2]  0 0 0 0 0 1 0 0
     [  3]  0 0 1 0 0 0 0 0
     [  4]  0 0 0 0 0 0 1 0
     [  5]  0 1 0 1 1 0 0 0
     [  6]  1 0 0 1 0 0 1 1
     [  7]  0 0 0 1 1 1 0 0
     [  8]  1 0 1 1 0 0 1 0
     [  9]  0 0 0 1 1 1 0 0
t=(7, 9) cycle 발생
 init=189 : 1 0 1 1 1 1 0 1
     [  1]  0 0 0 1 0 1 0 0
     [  2]  0 0 1 0 0 0 1 0
     [  3]  0 1 0 1 1 0 1 0
     [  4]  0 1 0 1 0 0 1 1
     [  5]  0 1 0 1 0 0 1 1 ---> fixed point 발견!!

<fixed point>
 0 1 0 1 0 0 1 1


 init=190 : 1 0 1 1 1 1 1 0
     [  1]  0 0 0 1 1 1 0 0
     [  2]  1 0 1 1 0 0 1 0
     [  3]  0 0 0 1 1 1 0 0
t=(1, 3) cycle 발생
 init=191 : 1 0 1 1 1 1 1 1
     [  1]  0 0 0 1 1 1 0 0
     [  2]  1 0 1 1 0 0 1 0
     [  3]  0 0 0 1 1 1 0 0
t=(1, 3) cycle 발생
 init=192 : 1 1 0 0 0 0 0 0
     [  1]  1 0 0 0 0 1 0 0
     [  2]  0 0 0 0 0 1 0 0
     [  3]  0 0 1 0 0 0 0 0
     [  4]  0 0 0 0 0 0 1 0
     [  5]  0 1 0 1 1 0 0 0
     [  6]  1 0 0 1 0 0 1 1
     [  7]  0 0 0 1 1 1 0 0
     [  8]  1 0 1 1 0 0 1 0
     [  9]  0 0 0 1 1 1 0 0
t=(7, 9) cycle 발생
 init=193 : 1 1 0 0 0 0 0 1
     [  1]  0 0 0 0 0 1 0 0
     [  2]  0 0 1 0 0 0 0 0
     [  3]  0 0 0 0 0 0 1 0
     [  4]  0 1 0 1 1 0 0 0
     [  5]  1 0 0 1 0 0 1 1
     [  6]  0 0 0 1 1 1 0 0
     [  7]  1 0 1 1 0 0 1 0
     [  8]  0 0 0 1 1 1 0 0
t=(6, 8) cycle 발생
 init=194 : 1 1 0 0 0 0 1 0
     [  1]  0 0 0 1 0 1 0 0
     [  2]  0 0 1 0 0 0 1 0
     [  3]  0 1 0 1 1 0 1 0
     [  4]  0 1 0 1 0 0 1 1
     [  5]  0 1 0 1 0 0 1 1 ---> fixed point 발견!!

<fixed point>
 0 1 0 1 0 0 1 1


 init=195 : 1 1 0 0 0 0 1 1
     [  1]  0 0 0 1 0 1 0 0
     [  2]  0 0 1 0 0 0 1 0
     [  3]  0 1 0 1 1 0 1 0
     [  4]  0 1 0 1 0 0 1 1
     [  5]  0 1 0 1 0 0 1 1 ---> fixed point 발견!!

<fixed point>
 0 1 0 1 0 0 1 1


 init=196 : 1 1 0 0 0 1 0 0
     [  1]  1 0 0 0 0 1 0 0
     [  2]  0 0 0 0 0 1 0 0
     [  3]  0 0 1 0 0 0 0 0
     [  4]  0 0 0 0 0 0 1 0
     [  5]  0 1 0 1 1 0 0 0
     [  6]  1 0 0 1 0 0 1 1
     [  7]  0 0 0 1 1 1 0 0
     [  8]  1 0 1 1 0 0 1 0
     [  9]  0 0 0 1 1 1 0 0
t=(7, 9) cycle 발생
 init=197 : 1 1 0 0 0 1 0 1
     [  1]  0 0 0 0 0 1 0 0
     [  2]  0 0 1 0 0 0 0 0
     [  3]  0 0 0 0 0 0 1 0
     [  4]  0 1 0 1 1 0 0 0
     [  5]  1 0 0 1 0 0 1 1
     [  6]  0 0 0 1 1 1 0 0
     [  7]  1 0 1 1 0 0 1 0
     [  8]  0 0 0 1 1 1 0 0
t=(6, 8) cycle 발생
 init=198 : 1 1 0 0 0 1 1 0
     [  1]  0 0 0 1 0 1 0 0
     [  2]  0 0 1 0 0 0 1 0
     [  3]  0 1 0 1 1 0 1 0
     [  4]  0 1 0 1 0 0 1 1
     [  5]  0 1 0 1 0 0 1 1 ---> fixed point 발견!!

<fixed point>
 0 1 0 1 0 0 1 1


 init=199 : 1 1 0 0 0 1 1 1
     [  1]  0 0 0 1 0 1 0 0
     [  2]  0 0 1 0 0 0 1 0
     [  3]  0 1 0 1 1 0 1 0
     [  4]  0 1 0 1 0 0 1 1
     [  5]  0 1 0 1 0 0 1 1 ---> fixed point 발견!!

<fixed point>
 0 1 0 1 0 0 1 1


 init=200 : 1 1 0 0 1 0 0 0
     [  1]  1 0 0 1 0 1 0 0
     [  2]  0 0 0 0 0 1 0 0
     [  3]  0 0 1 0 0 0 0 0
     [  4]  0 0 0 0 0 0 1 0
     [  5]  0 1 0 1 1 0 0 0
     [  6]  1 0 0 1 0 0 1 1
     [  7]  0 0 0 1 1 1 0 0
     [  8]  1 0 1 1 0 0 1 0
     [  9]  0 0 0 1 1 1 0 0
t=(7, 9) cycle 발생
 init=201 : 1 1 0 0 1 0 0 1
     [  1]  0 0 0 1 0 1 0 0
     [  2]  0 0 1 0 0 0 1 0
     [  3]  0 1 0 1 1 0 1 0
     [  4]  0 1 0 1 0 0 1 1
     [  5]  0 1 0 1 0 0 1 1 ---> fixed point 발견!!

<fixed point>
 0 1 0 1 0 0 1 1


 init=202 : 1 1 0 0 1 0 1 0
     [  1]  0 0 0 1 0 1 0 0
     [  2]  0 0 1 0 0 0 1 0
     [  3]  0 1 0 1 1 0 1 0
     [  4]  0 1 0 1 0 0 1 1
     [  5]  0 1 0 1 0 0 1 1 ---> fixed point 발견!!

<fixed point>
 0 1 0 1 0 0 1 1


 init=203 : 1 1 0 0 1 0 1 1
     [  1]  0 0 0 1 0 1 0 0
     [  2]  0 0 1 0 0 0 1 0
     [  3]  0 1 0 1 1 0 1 0
     [  4]  0 1 0 1 0 0 1 1
     [  5]  0 1 0 1 0 0 1 1 ---> fixed point 발견!!

<fixed point>
 0 1 0 1 0 0 1 1


 init=204 : 1 1 0 0 1 1 0 0
     [  1]  1 0 0 1 0 1 0 0
     [  2]  0 0 0 0 0 1 0 0
     [  3]  0 0 1 0 0 0 0 0
     [  4]  0 0 0 0 0 0 1 0
     [  5]  0 1 0 1 1 0 0 0
     [  6]  1 0 0 1 0 0 1 1
     [  7]  0 0 0 1 1 1 0 0
     [  8]  1 0 1 1 0 0 1 0
     [  9]  0 0 0 1 1 1 0 0
t=(7, 9) cycle 발생
 init=205 : 1 1 0 0 1 1 0 1
     [  1]  0 0 0 1 0 1 0 0
     [  2]  0 0 1 0 0 0 1 0
     [  3]  0 1 0 1 1 0 1 0
     [  4]  0 1 0 1 0 0 1 1
     [  5]  0 1 0 1 0 0 1 1 ---> fixed point 발견!!

<fixed point>
 0 1 0 1 0 0 1 1


 init=206 : 1 1 0 0 1 1 1 0
     [  1]  0 0 0 1 0 1 0 0
     [  2]  0 0 1 0 0 0 1 0
     [  3]  0 1 0 1 1 0 1 0
     [  4]  0 1 0 1 0 0 1 1
     [  5]  0 1 0 1 0 0 1 1 ---> fixed point 발견!!

<fixed point>
 0 1 0 1 0 0 1 1


 init=207 : 1 1 0 0 1 1 1 1
     [  1]  0 0 0 1 0 1 0 0
     [  2]  0 0 1 0 0 0 1 0
     [  3]  0 1 0 1 1 0 1 0
     [  4]  0 1 0 1 0 0 1 1
     [  5]  0 1 0 1 0 0 1 1 ---> fixed point 발견!!

<fixed point>
 0 1 0 1 0 0 1 1


 init=208 : 1 1 0 1 0 0 0 0
     [  1]  1 0 0 0 0 1 0 0
     [  2]  0 0 0 0 0 1 0 0
     [  3]  0 0 1 0 0 0 0 0
     [  4]  0 0 0 0 0 0 1 0
     [  5]  0 1 0 1 1 0 0 0
     [  6]  1 0 0 1 0 0 1 1
     [  7]  0 0 0 1 1 1 0 0
     [  8]  1 0 1 1 0 0 1 0
     [  9]  0 0 0 1 1 1 0 0
t=(7, 9) cycle 발생
 init=209 : 1 1 0 1 0 0 0 1
     [  1]  0 0 0 0 0 1 0 0
     [  2]  0 0 1 0 0 0 0 0
     [  3]  0 0 0 0 0 0 1 0
     [  4]  0 1 0 1 1 0 0 0
     [  5]  1 0 0 1 0 0 1 1
     [  6]  0 0 0 1 1 1 0 0
     [  7]  1 0 1 1 0 0 1 0
     [  8]  0 0 0 1 1 1 0 0
t=(6, 8) cycle 발생
 init=210 : 1 1 0 1 0 0 1 0
     [  1]  0 0 0 1 0 1 0 0
     [  2]  0 0 1 0 0 0 1 0
     [  3]  0 1 0 1 1 0 1 0
     [  4]  0 1 0 1 0 0 1 1
     [  5]  0 1 0 1 0 0 1 1 ---> fixed point 발견!!

<fixed point>
 0 1 0 1 0 0 1 1


 init=211 : 1 1 0 1 0 0 1 1
     [  1]  0 0 0 1 0 1 0 0
     [  2]  0 0 1 0 0 0 1 0
     [  3]  0 1 0 1 1 0 1 0
     [  4]  0 1 0 1 0 0 1 1
     [  5]  0 1 0 1 0 0 1 1 ---> fixed point 발견!!

<fixed point>
 0 1 0 1 0 0 1 1


 init=212 : 1 1 0 1 0 1 0 0
     [  1]  1 0 0 0 0 1 0 0
     [  2]  0 0 0 0 0 1 0 0
     [  3]  0 0 1 0 0 0 0 0
     [  4]  0 0 0 0 0 0 1 0
     [  5]  0 1 0 1 1 0 0 0
     [  6]  1 0 0 1 0 0 1 1
     [  7]  0 0 0 1 1 1 0 0
     [  8]  1 0 1 1 0 0 1 0
     [  9]  0 0 0 1 1 1 0 0
t=(7, 9) cycle 발생
 init=213 : 1 1 0 1 0 1 0 1
     [  1]  0 0 0 0 0 1 0 0
     [  2]  0 0 1 0 0 0 0 0
     [  3]  0 0 0 0 0 0 1 0
     [  4]  0 1 0 1 1 0 0 0
     [  5]  1 0 0 1 0 0 1 1
     [  6]  0 0 0 1 1 1 0 0
     [  7]  1 0 1 1 0 0 1 0
     [  8]  0 0 0 1 1 1 0 0
t=(6, 8) cycle 발생
 init=214 : 1 1 0 1 0 1 1 0
     [  1]  0 0 0 1 0 1 0 0
     [  2]  0 0 1 0 0 0 1 0
     [  3]  0 1 0 1 1 0 1 0
     [  4]  0 1 0 1 0 0 1 1
     [  5]  0 1 0 1 0 0 1 1 ---> fixed point 발견!!

<fixed point>
 0 1 0 1 0 0 1 1


 init=215 : 1 1 0 1 0 1 1 1
     [  1]  0 0 0 1 0 1 0 0
     [  2]  0 0 1 0 0 0 1 0
     [  3]  0 1 0 1 1 0 1 0
     [  4]  0 1 0 1 0 0 1 1
     [  5]  0 1 0 1 0 0 1 1 ---> fixed point 발견!!

<fixed point>
 0 1 0 1 0 0 1 1


 init=216 : 1 1 0 1 1 0 0 0
     [  1]  1 0 0 1 0 1 0 0
     [  2]  0 0 0 0 0 1 0 0
     [  3]  0 0 1 0 0 0 0 0
     [  4]  0 0 0 0 0 0 1 0
     [  5]  0 1 0 1 1 0 0 0
     [  6]  1 0 0 1 0 0 1 1
     [  7]  0 0 0 1 1 1 0 0
     [  8]  1 0 1 1 0 0 1 0
     [  9]  0 0 0 1 1 1 0 0
t=(7, 9) cycle 발생
 init=217 : 1 1 0 1 1 0 0 1
     [  1]  0 0 0 1 0 1 0 0
     [  2]  0 0 1 0 0 0 1 0
     [  3]  0 1 0 1 1 0 1 0
     [  4]  0 1 0 1 0 0 1 1
     [  5]  0 1 0 1 0 0 1 1 ---> fixed point 발견!!

<fixed point>
 0 1 0 1 0 0 1 1


 init=218 : 1 1 0 1 1 0 1 0
     [  1]  0 0 0 1 0 1 0 0
     [  2]  0 0 1 0 0 0 1 0
     [  3]  0 1 0 1 1 0 1 0
     [  4]  0 1 0 1 0 0 1 1
     [  5]  0 1 0 1 0 0 1 1 ---> fixed point 발견!!

<fixed point>
 0 1 0 1 0 0 1 1


 init=219 : 1 1 0 1 1 0 1 1
     [  1]  0 0 0 1 0 1 0 0
     [  2]  0 0 1 0 0 0 1 0
     [  3]  0 1 0 1 1 0 1 0
     [  4]  0 1 0 1 0 0 1 1
     [  5]  0 1 0 1 0 0 1 1 ---> fixed point 발견!!

<fixed point>
 0 1 0 1 0 0 1 1


 init=220 : 1 1 0 1 1 1 0 0
     [  1]  1 0 0 1 0 1 0 0
     [  2]  0 0 0 0 0 1 0 0
     [  3]  0 0 1 0 0 0 0 0
     [  4]  0 0 0 0 0 0 1 0
     [  5]  0 1 0 1 1 0 0 0
     [  6]  1 0 0 1 0 0 1 1
     [  7]  0 0 0 1 1 1 0 0
     [  8]  1 0 1 1 0 0 1 0
     [  9]  0 0 0 1 1 1 0 0
t=(7, 9) cycle 발생
 init=221 : 1 1 0 1 1 1 0 1
     [  1]  0 0 0 1 0 1 0 0
     [  2]  0 0 1 0 0 0 1 0
     [  3]  0 1 0 1 1 0 1 0
     [  4]  0 1 0 1 0 0 1 1
     [  5]  0 1 0 1 0 0 1 1 ---> fixed point 발견!!

<fixed point>
 0 1 0 1 0 0 1 1


 init=222 : 1 1 0 1 1 1 1 0
     [  1]  0 0 0 1 0 1 0 0
     [  2]  0 0 1 0 0 0 1 0
     [  3]  0 1 0 1 1 0 1 0
     [  4]  0 1 0 1 0 0 1 1
     [  5]  0 1 0 1 0 0 1 1 ---> fixed point 발견!!

<fixed point>
 0 1 0 1 0 0 1 1


 init=223 : 1 1 0 1 1 1 1 1
     [  1]  0 0 0 1 0 1 0 0
     [  2]  0 0 1 0 0 0 1 0
     [  3]  0 1 0 1 1 0 1 0
     [  4]  0 1 0 1 0 0 1 1
     [  5]  0 1 0 1 0 0 1 1 ---> fixed point 발견!!

<fixed point>
 0 1 0 1 0 0 1 1


 init=224 : 1 1 1 0 0 0 0 0
     [  1]  1 0 0 0 0 1 0 0
     [  2]  0 0 0 0 0 1 0 0
     [  3]  0 0 1 0 0 0 0 0
     [  4]  0 0 0 0 0 0 1 0
     [  5]  0 1 0 1 1 0 0 0
     [  6]  1 0 0 1 0 0 1 1
     [  7]  0 0 0 1 1 1 0 0
     [  8]  1 0 1 1 0 0 1 0
     [  9]  0 0 0 1 1 1 0 0
t=(7, 9) cycle 발생
 init=225 : 1 1 1 0 0 0 0 1
     [  1]  0 0 0 0 0 1 0 0
     [  2]  0 0 1 0 0 0 0 0
     [  3]  0 0 0 0 0 0 1 0
     [  4]  0 1 0 1 1 0 0 0
     [  5]  1 0 0 1 0 0 1 1
     [  6]  0 0 0 1 1 1 0 0
     [  7]  1 0 1 1 0 0 1 0
     [  8]  0 0 0 1 1 1 0 0
t=(6, 8) cycle 발생
 init=226 : 1 1 1 0 0 0 1 0
     [  1]  0 0 0 1 0 1 0 0
     [  2]  0 0 1 0 0 0 1 0
     [  3]  0 1 0 1 1 0 1 0
     [  4]  0 1 0 1 0 0 1 1
     [  5]  0 1 0 1 0 0 1 1 ---> fixed point 발견!!

<fixed point>
 0 1 0 1 0 0 1 1


 init=227 : 1 1 1 0 0 0 1 1
     [  1]  0 0 0 1 0 1 0 0
     [  2]  0 0 1 0 0 0 1 0
     [  3]  0 1 0 1 1 0 1 0
     [  4]  0 1 0 1 0 0 1 1
     [  5]  0 1 0 1 0 0 1 1 ---> fixed point 발견!!

<fixed point>
 0 1 0 1 0 0 1 1


 init=228 : 1 1 1 0 0 1 0 0
     [  1]  1 0 0 0 0 1 0 0
     [  2]  0 0 0 0 0 1 0 0
     [  3]  0 0 1 0 0 0 0 0
     [  4]  0 0 0 0 0 0 1 0
     [  5]  0 1 0 1 1 0 0 0
     [  6]  1 0 0 1 0 0 1 1
     [  7]  0 0 0 1 1 1 0 0
     [  8]  1 0 1 1 0 0 1 0
     [  9]  0 0 0 1 1 1 0 0
t=(7, 9) cycle 발생
 init=229 : 1 1 1 0 0 1 0 1
     [  1]  0 0 0 0 0 1 0 0
     [  2]  0 0 1 0 0 0 0 0
     [  3]  0 0 0 0 0 0 1 0
     [  4]  0 1 0 1 1 0 0 0
     [  5]  1 0 0 1 0 0 1 1
     [  6]  0 0 0 1 1 1 0 0
     [  7]  1 0 1 1 0 0 1 0
     [  8]  0 0 0 1 1 1 0 0
t=(6, 8) cycle 발생
 init=230 : 1 1 1 0 0 1 1 0
     [  1]  0 0 0 1 0 1 0 0
     [  2]  0 0 1 0 0 0 1 0
     [  3]  0 1 0 1 1 0 1 0
     [  4]  0 1 0 1 0 0 1 1
     [  5]  0 1 0 1 0 0 1 1 ---> fixed point 발견!!

<fixed point>
 0 1 0 1 0 0 1 1


 init=231 : 1 1 1 0 0 1 1 1
     [  1]  0 0 0 1 0 1 0 0
     [  2]  0 0 1 0 0 0 1 0
     [  3]  0 1 0 1 1 0 1 0
     [  4]  0 1 0 1 0 0 1 1
     [  5]  0 1 0 1 0 0 1 1 ---> fixed point 발견!!

<fixed point>
 0 1 0 1 0 0 1 1


 init=232 : 1 1 1 0 1 0 0 0
     [  1]  1 0 0 1 0 1 0 0
     [  2]  0 0 0 0 0 1 0 0
     [  3]  0 0 1 0 0 0 0 0
     [  4]  0 0 0 0 0 0 1 0
     [  5]  0 1 0 1 1 0 0 0
     [  6]  1 0 0 1 0 0 1 1
     [  7]  0 0 0 1 1 1 0 0
     [  8]  1 0 1 1 0 0 1 0
     [  9]  0 0 0 1 1 1 0 0
t=(7, 9) cycle 발생
 init=233 : 1 1 1 0 1 0 0 1
     [  1]  0 0 0 1 0 1 0 0
     [  2]  0 0 1 0 0 0 1 0
     [  3]  0 1 0 1 1 0 1 0
     [  4]  0 1 0 1 0 0 1 1
     [  5]  0 1 0 1 0 0 1 1 ---> fixed point 발견!!

<fixed point>
 0 1 0 1 0 0 1 1


 init=234 : 1 1 1 0 1 0 1 0
     [  1]  0 0 0 1 0 1 0 0
     [  2]  0 0 1 0 0 0 1 0
     [  3]  0 1 0 1 1 0 1 0
     [  4]  0 1 0 1 0 0 1 1
     [  5]  0 1 0 1 0 0 1 1 ---> fixed point 발견!!

<fixed point>
 0 1 0 1 0 0 1 1


 init=235 : 1 1 1 0 1 0 1 1
     [  1]  0 0 0 1 0 1 0 0
     [  2]  0 0 1 0 0 0 1 0
     [  3]  0 1 0 1 1 0 1 0
     [  4]  0 1 0 1 0 0 1 1
     [  5]  0 1 0 1 0 0 1 1 ---> fixed point 발견!!

<fixed point>
 0 1 0 1 0 0 1 1


 init=236 : 1 1 1 0 1 1 0 0
     [  1]  1 0 0 1 0 1 0 0
     [  2]  0 0 0 0 0 1 0 0
     [  3]  0 0 1 0 0 0 0 0
     [  4]  0 0 0 0 0 0 1 0
     [  5]  0 1 0 1 1 0 0 0
     [  6]  1 0 0 1 0 0 1 1
     [  7]  0 0 0 1 1 1 0 0
     [  8]  1 0 1 1 0 0 1 0
     [  9]  0 0 0 1 1 1 0 0
t=(7, 9) cycle 발생
 init=237 : 1 1 1 0 1 1 0 1
     [  1]  0 0 0 1 0 1 0 0
     [  2]  0 0 1 0 0 0 1 0
     [  3]  0 1 0 1 1 0 1 0
     [  4]  0 1 0 1 0 0 1 1
     [  5]  0 1 0 1 0 0 1 1 ---> fixed point 발견!!

<fixed point>
 0 1 0 1 0 0 1 1


 init=238 : 1 1 1 0 1 1 1 0
     [  1]  0 0 0 1 0 1 0 0
     [  2]  0 0 1 0 0 0 1 0
     [  3]  0 1 0 1 1 0 1 0
     [  4]  0 1 0 1 0 0 1 1
     [  5]  0 1 0 1 0 0 1 1 ---> fixed point 발견!!

<fixed point>
 0 1 0 1 0 0 1 1


 init=239 : 1 1 1 0 1 1 1 1
     [  1]  0 0 0 1 0 1 0 0
     [  2]  0 0 1 0 0 0 1 0
     [  3]  0 1 0 1 1 0 1 0
     [  4]  0 1 0 1 0 0 1 1
     [  5]  0 1 0 1 0 0 1 1 ---> fixed point 발견!!

<fixed point>
 0 1 0 1 0 0 1 1


 init=240 : 1 1 1 1 0 0 0 0
     [  1]  1 0 0 0 0 1 0 0
     [  2]  0 0 0 0 0 1 0 0
     [  3]  0 0 1 0 0 0 0 0
     [  4]  0 0 0 0 0 0 1 0
     [  5]  0 1 0 1 1 0 0 0
     [  6]  1 0 0 1 0 0 1 1
     [  7]  0 0 0 1 1 1 0 0
     [  8]  1 0 1 1 0 0 1 0
     [  9]  0 0 0 1 1 1 0 0
t=(7, 9) cycle 발생
 init=241 : 1 1 1 1 0 0 0 1
     [  1]  0 0 0 0 0 1 0 0
     [  2]  0 0 1 0 0 0 0 0
     [  3]  0 0 0 0 0 0 1 0
     [  4]  0 1 0 1 1 0 0 0
     [  5]  1 0 0 1 0 0 1 1
     [  6]  0 0 0 1 1 1 0 0
     [  7]  1 0 1 1 0 0 1 0
     [  8]  0 0 0 1 1 1 0 0
t=(6, 8) cycle 발생
 init=242 : 1 1 1 1 0 0 1 0
     [  1]  0 0 0 1 0 1 0 0
     [  2]  0 0 1 0 0 0 1 0
     [  3]  0 1 0 1 1 0 1 0
     [  4]  0 1 0 1 0 0 1 1
     [  5]  0 1 0 1 0 0 1 1 ---> fixed point 발견!!

<fixed point>
 0 1 0 1 0 0 1 1


 init=243 : 1 1 1 1 0 0 1 1
     [  1]  0 0 0 1 0 1 0 0
     [  2]  0 0 1 0 0 0 1 0
     [  3]  0 1 0 1 1 0 1 0
     [  4]  0 1 0 1 0 0 1 1
     [  5]  0 1 0 1 0 0 1 1 ---> fixed point 발견!!

<fixed point>
 0 1 0 1 0 0 1 1


 init=244 : 1 1 1 1 0 1 0 0
     [  1]  1 0 0 0 0 1 0 0
     [  2]  0 0 0 0 0 1 0 0
     [  3]  0 0 1 0 0 0 0 0
     [  4]  0 0 0 0 0 0 1 0
     [  5]  0 1 0 1 1 0 0 0
     [  6]  1 0 0 1 0 0 1 1
     [  7]  0 0 0 1 1 1 0 0
     [  8]  1 0 1 1 0 0 1 0
     [  9]  0 0 0 1 1 1 0 0
t=(7, 9) cycle 발생
 init=245 : 1 1 1 1 0 1 0 1
     [  1]  0 0 0 0 0 1 0 0
     [  2]  0 0 1 0 0 0 0 0
     [  3]  0 0 0 0 0 0 1 0
     [  4]  0 1 0 1 1 0 0 0
     [  5]  1 0 0 1 0 0 1 1
     [  6]  0 0 0 1 1 1 0 0
     [  7]  1 0 1 1 0 0 1 0
     [  8]  0 0 0 1 1 1 0 0
t=(6, 8) cycle 발생
 init=246 : 1 1 1 1 0 1 1 0
     [  1]  0 0 0 1 0 1 0 0
     [  2]  0 0 1 0 0 0 1 0
     [  3]  0 1 0 1 1 0 1 0
     [  4]  0 1 0 1 0 0 1 1
     [  5]  0 1 0 1 0 0 1 1 ---> fixed point 발견!!

<fixed point>
 0 1 0 1 0 0 1 1


 init=247 : 1 1 1 1 0 1 1 1
     [  1]  0 0 0 1 0 1 0 0
     [  2]  0 0 1 0 0 0 1 0
     [  3]  0 1 0 1 1 0 1 0
     [  4]  0 1 0 1 0 0 1 1
     [  5]  0 1 0 1 0 0 1 1 ---> fixed point 발견!!

<fixed point>
 0 1 0 1 0 0 1 1


 init=248 : 1 1 1 1 1 0 0 0
     [  1]  1 0 0 1 0 1 0 0
     [  2]  0 0 0 0 0 1 0 0
     [  3]  0 0 1 0 0 0 0 0
     [  4]  0 0 0 0 0 0 1 0
     [  5]  0 1 0 1 1 0 0 0
     [  6]  1 0 0 1 0 0 1 1
     [  7]  0 0 0 1 1 1 0 0
     [  8]  1 0 1 1 0 0 1 0
     [  9]  0 0 0 1 1 1 0 0
t=(7, 9) cycle 발생
 init=249 : 1 1 1 1 1 0 0 1
     [  1]  0 0 0 1 0 1 0 0
     [  2]  0 0 1 0 0 0 1 0
     [  3]  0 1 0 1 1 0 1 0
     [  4]  0 1 0 1 0 0 1 1
     [  5]  0 1 0 1 0 0 1 1 ---> fixed point 발견!!

<fixed point>
 0 1 0 1 0 0 1 1


 init=250 : 1 1 1 1 1 0 1 0
     [  1]  0 0 0 1 0 1 0 0
     [  2]  0 0 1 0 0 0 1 0
     [  3]  0 1 0 1 1 0 1 0
     [  4]  0 1 0 1 0 0 1 1
     [  5]  0 1 0 1 0 0 1 1 ---> fixed point 발견!!

<fixed point>
 0 1 0 1 0 0 1 1


 init=251 : 1 1 1 1 1 0 1 1
     [  1]  0 0 0 1 0 1 0 0
     [  2]  0 0 1 0 0 0 1 0
     [  3]  0 1 0 1 1 0 1 0
     [  4]  0 1 0 1 0 0 1 1
     [  5]  0 1 0 1 0 0 1 1 ---> fixed point 발견!!

<fixed point>
 0 1 0 1 0 0 1 1


 init=252 : 1 1 1 1 1 1 0 0
     [  1]  1 0 0 1 0 1 0 0
     [  2]  0 0 0 0 0 1 0 0
     [  3]  0 0 1 0 0 0 0 0
     [  4]  0 0 0 0 0 0 1 0
     [  5]  0 1 0 1 1 0 0 0
     [  6]  1 0 0 1 0 0 1 1
     [  7]  0 0 0 1 1 1 0 0
     [  8]  1 0 1 1 0 0 1 0
     [  9]  0 0 0 1 1 1 0 0
t=(7, 9) cycle 발생
 init=253 : 1 1 1 1 1 1 0 1
     [  1]  0 0 0 1 0 1 0 0
     [  2]  0 0 1 0 0 0 1 0
     [  3]  0 1 0 1 1 0 1 0
     [  4]  0 1 0 1 0 0 1 1
     [  5]  0 1 0 1 0 0 1 1 ---> fixed point 발견!!

<fixed point>
 0 1 0 1 0 0 1 1


 init=254 : 1 1 1 1 1 1 1 0
     [  1]  0 0 0 1 0 1 0 0
     [  2]  0 0 1 0 0 0 1 0
     [  3]  0 1 0 1 1 0 1 0
     [  4]  0 1 0 1 0 0 1 1
     [  5]  0 1 0 1 0 0 1 1 ---> fixed point 발견!!

<fixed point>
 0 1 0 1 0 0 1 1


 init=255 : 1 1 1 1 1 1 1 1
     [  1]  0 0 0 1 0 1 0 0
     [  2]  0 0 1 0 0 0 1 0
     [  3]  0 1 0 1 1 0 1 0
     [  4]  0 1 0 1 0 0 1 1
     [  5]  0 1 0 1 0 0 1 1 ---> fixed point 발견!!

<fixed point>
 0 1 0 1 0 0 1 1



C:\Verilog\Gene_Network2\x64\Debug\Gene_Network2.exe(프로세스 16332개)이(가) 종료되었습니다(코드: 0개).
이 창을 닫으려면 아무 키나 누르세요...